036044
044102
044105
044127
044131
044137
044140
044145
044148
044157
044167
044169
044191
044192
044193
044198
044202
044231
044262
044334
045000
046001
046005
046129
046187
046189
046194
046195
046196
046197
046200
046201
046204
046205
046206
046208
046209
046210
046235
046237
046265
046266
046267
046268
046270
046271
046272
046273
046275
046278
046332
046336
046345
046733
046743
046745
046746
046773
046831
046851
046853
046868
046880
046903
046925
046993
048878
048921
056393
066525
094139
094189
094195
094222
094241
094313
094314
094323
094325
094334
094412
094423
094503
094564
094591
094594
094607
094814
094815
094816
094821
094831
095605
096208
096210
096211
096224
096230
096231
096250
096262
096265
096310
096324
096326
096327
096350
096351
096411
096502
096570
096573
096575
096616
096617
096620
096807
096815
096817
097209
097210
097211
097215
097230
097250
097317
097332
097334
104013
104016
104031
104032
104033
104034
104035
104122
104134
104135
104142
104157
104165
104166
104172
104173
104174
104177
104192
104193
104195
104215
104221
104222
104223
104276
104279
104281
104282
104283
104285
104290
106156
106378
106383
114020
114021
114035
114036
114037
114052
114054
114071
114073
114074
114075
114076
114086
114101
114210
114246
114250
114252
115203
115204
116004
116029
116031
116217
116354
124108
124120
124503
124510
124801
125001
125801
134019
134020
134040
134058
134082
134111
134113
134117
134119
134120
134121
134128
134133
134142
214909
216117
234107
234111
234112
234114
234117
234118
234122
234123
234125
234127
234141
234145
234218
234247
234262
234267
234293
234299
234301
234302
234303
234304
234306
234311
234312
234313
234319
234322
234325
234326
234329
234525
234900
236026
236200
236268
236270
236278
236299
236303
236304
236305
236307
236308
236309
236310
236311
236313
236315
236321
236323
236324
236327
236328
236329
236330
236332
236333
236334
236336
236339
236340
236341
236342
236343
236345
236346
236347
236348
236349
236350
236351
236353
236356
236357
236358
236359
236360
236361
236363
236366
236368
236369
236370
236371
236372
236373
236374
236375
236376
236378
236381
236499
236500
236501
236502
236503
236504
236506
236508
236509
236510
236512
236513
236515
236518
236520
236521
236522
236523
236524
236525
236526
236601
236602
236603
236604
236605
236606
236607
236610
236611
236612
236620
236629
236635
236640
236646
236648
236650
236653
236698
236700
236703
236712
236715
236716
236719
236729
236754
236755
236756
236757
236760
236779
236780
236790
236800
236801
236802
236803
236804
236805
236813
236814
236815
236816
236818
236823
236826
236827
236828
236832
236834
236860
236861
236862
236873
236874
236875
236927
236941
236950
236951
236990
236991
238739
238900
238901
238902
276004
324033
324864
336543
394901
829422
829489